750
1
4
3
5
7
9
11
13
14
16
17
19
21
22
23
24
25
28
29
33
34
35
38
39
41
42
43
48
45
50
56
60
62
63
70
73
74
75
77
78
81
83
87
90
92
89
100
98
103
106
107
109
110
111
112
113
120
121
122
125
127
132
135
136
140
139
141
142
145
148
149
154
159
164
166
167
170
174
176
177
178
179
181
184
187
186
189
192
193
194
196
197
202
201
203
208
205
209
210
211
212
213
216
219
217
220
222
225
229
228
230
233
232
235
239
240
241
245
247
251
254
255
258
260
265
261
267
268
272
275
274
276
277
278
279
281
283
284
286
282
287
292
293
294
296
298
299
300
302
301
303
305
308
309
311
312
313
314
315
316
317
319
320
323
325
326
328
329
333
332
334
340
342
346
347
348
351
349
352
354
356
357
358
360
361
362
364
367
369
370
374
377
378
379
380
381
387
389
391
393
396
397
400
404
406
411
412
416
420
421
423
425
429
430
431
433
435
436
439
440
441
442
446
448
450
451
453
456
457
460
462
467
463
468
472
473
477
479
480
485
483
488
486
489
491
493
497
499
502
500
504
505
506
507
508
509
515
514
516
520
519
526
530
531
532
533
536
539
538
540
541
546
549
550
551
554
555
556
557
559
560
561
565
567
569
570
574
575
584
576
588
591
592
593
594
596
597
602
604
606
605
610
611
613
614
621
616
623
626
629
627
638
639
640
641
642
644
645
646
647
648
649
650
652
654
655
656
658
667
663
669
671
672
677
678
679
680
682
687
688
690
691
692
693
694
702
704
706
707
708
712
713
718
719
722
723
724
725
727
728
730
729
732
733
736
734
738
739
741
743
742
745
746
747
748
754
755
756
757
761
764
766
767
768
771
772
775
776
777
778
779
780
784
785
786
787
790
791
792
799
802
803
804
807
809
811
812
815
819
820
821
822
823
826
827
829
830
831
836
839
842
843
844
845
848
849
851
850
852
854
855
860
859
863
864
865
867
870
869
874
875
877
878
880
886
887
888
889
890
893
895
896
899
900
905
906
907
908
913
914
917
921
922
923
924
925
926
931
933
935
938
936
939
942
944
948
950
951
954
955
959
962
964
963
966
969
970
972
971
975
976
978
983
986
987
989
992
994
997
998
8 15
20 27
51 88
91 94
118 162
169 183
108 114
204 242
249 262
339 341
344 372
263 289
392 408
409 469
470 471
543 553
511 521
581 615
619 661
721 744
797 814
795 796
837 847
995 10
861 894
44 67
26 31
150 153
101 105
155 195
256 386
401 402
200 243
438 447
413 415
475 481
458 461
513 522
620 665
670 686
714 735
524 617
740 751
840 846
813 817
885 929
856 873
991 993
960 982
49 52
72 99
137 138
130 133
231 236
307 318
270 304
327 368
394 410
376 383
422 424
444 452
454 455
482 494
537 544
703 716
726 765
770 800
808 832
858 881
674 701
912 932
956 977
988 12
40 80
30 32
93 115
129 134
144 147
156 157
182 188
259 285
297 321
330 345
371 388
407 414
443 490
518 525
562 571
572 583
643 653
662 675
697 705
612 625
801 825
760 794
833 835
841 853
891 903
915 937
862 872
947 953
984 6
18 124
146 151
165 173
199 227
244 252
336 350
273 290
355 365
373 382
405 426
434 437
459 474
547 566
528 534
622 624
664 681
689 695
573 609
805 857
866 879
920 943
737 763
952 973
36 47
61 65
76 95
96 102
123 126
160 163
168 171
172 198
226 234
238 250
266 288
338 353
478 492
375 465
503 517
495 501
563 579
582 585
590 595
651 657
684 711
758 769
715 753
774 810
838 876
930 949
957 958
818 834
965 967
46 55
996 2
59 71
116 128
143 218
223 271
280 331
359 366
385 390
529 545
428 464
577 580
599 601
628 709
789 816
871 882
911 918
710 759
919 927
0 37
934 990
57 58
66 82
85 119
131 158
161 206
214 215
224 246
269 335
248 257
337 343
384 432
484 487
498 510
535 607
608 630
631 632
637 660
666 668
676 698
633 636
717 720
781 793
731 773
806 824
897 910
828 868
928 961
981 64
68 69
175 185
191 237
86 117
295 310
264 291
395 399
417 419
466 476
527 542
548 552
586 589
618 634
635 659
673 683
685 700
752 762
782 788
883 884
898 901
904 909
940 941
946 968
974 979
53 54
79 84
97 104
152 180
190 207
221 253
306 322
324 363
398 403
418 427
445 449
496 512
523 558
564 568
578 587
598 600
603 696
699 749
798 892
750 783
902 916
945 980
985 999
